#          omega_b,        omega_cdm,      100*theta_s,     ln10^{10}A_s,              n_s,         tau_reio,           tiu_Lc,         tiu_beta,        A_cib_217,        xi_sz_cib,             A_sz,     ps_A_100_100,     ps_A_143_143,     ps_A_143_217,     ps_A_217_217,         ksz_norm,     gal545_A_100,     gal545_A_143, gal545_A_143_217,     gal545_A_217,    galf_TE_A_100, galf_TE_A_100_143, galf_TE_A_100_217,    galf_TE_A_143, galf_TE_A_143_217,    galf_TE_A_217,       calib_100T,       calib_217T,         A_planck,           z_reio,     Omega_Lambda,              YHe,               H0,              A_s,           sigma8
 2.426708e-08	-1.529391e-07	 1.328470e-08	 5.185818e-07	 4.359204e-07	 3.684198e-07	-1.411272e-05	 1.008012e-07	-1.082581e-04	 3.108735e-06	 2.793013e-05	-4.430080e-04	-2.530850e-04	-3.888282e-05	 1.707533e-05	-4.472893e-05	-1.106012e-05	-8.858571e-06	 9.190674e-06	 6.111237e-05	-4.648326e-08	-1.515539e-07	 4.562930e-07	-6.342426e-07	-5.019178e-07	-1.279251e-06	 3.115201e-09	-1.469202e-09	 3.398216e-08	 3.089518e-05	 1.031415e-06	 1.034539e-08	 8.006679e-05	 1.085105e-15	-2.498166e-07	
-1.529391e-07	 2.164771e-06	-1.574099e-07	-2.828848e-06	-5.383178e-06	-3.867562e-06	 1.099932e-04	 1.008744e-06	 3.960264e-04	-6.435126e-06	-1.209125e-04	 2.256194e-03	 1.882734e-03	 1.008995e-03	 6.604666e-04	 7.214840e-05	 5.335263e-05	-3.818670e-05	-2.047552e-04	-4.764455e-04	 1.511329e-06	 7.971271e-07	-4.224272e-06	 3.570961e-06	 1.682150e-06	 7.620379e-07	-1.259174e-08	-3.153322e-09	-7.666271e-08	-3.408840e-04	-1.333513e-05	-6.519702e-08	-9.521489e-04	-5.861542e-15	 4.863692e-06	
 1.328470e-08	-1.574099e-07	 8.041757e-08	 1.161113e-07	 4.767954e-07	 1.988597e-07	-1.610803e-05	 2.704656e-06	 9.242208e-05	-2.936719e-06	 1.771879e-05	-2.334779e-05	-8.743547e-05	-9.335194e-05	-1.862288e-04	-8.938952e-07	-1.661172e-05	-1.039102e-05	 2.607970e-05	 9.071482e-06	-7.162233e-07	 8.368779e-08	 1.080057e-06	 4.345105e-08	-3.571775e-07	-1.732358e-06	 2.475845e-09	 5.398529e-09	 1.875540e-08	 1.554038e-05	 1.196004e-06	 5.662997e-09	 9.434587e-05	 2.405437e-16	-3.105382e-07	
 5.185818e-07	-2.828848e-06	 1.161113e-07	 2.105307e-04	 8.189218e-06	 1.025395e-04	-4.733783e-03	 4.533025e-05	-7.450814e-03	 3.052419e-04	 6.381949e-04	-4.298063e-03	-2.128466e-03	 5.216657e-03	 9.824107e-03	-2.423832e-03	-1.513223e-03	-6.700777e-04	 1.525037e-03	 7.496012e-03	-1.945443e-05	-7.945011e-06	 3.667341e-05	-2.459212e-05	 1.696567e-06	 3.484665e-05	 1.591921e-07	 2.312107e-07	 4.709995e-06	 1.048072e-02	 1.924929e-05	 2.210657e-07	 1.494439e-03	 4.414738e-13	 7.658299e-05	
 4.359204e-07	-5.383178e-06	 4.767954e-07	 8.189218e-06	 2.247489e-05	 1.141086e-05	-4.264496e-04	-1.878327e-05	-5.133768e-03	 8.447691e-05	 9.911594e-04	-2.579557e-02	-1.022146e-02	-1.221444e-03	 2.971182e-03	-1.996935e-03	-4.357059e-05	-4.465479e-04	-3.227594e-05	 2.153338e-03	-4.890386e-06	 6.776031e-07	 1.762613e-05	-6.633492e-06	-7.068168e-06	-1.744234e-05	-6.585899e-08	-5.076716e-08	-3.362615e-07	 1.018635e-03	 3.377110e-05	 1.858491e-07	 2.445983e-03	 1.702317e-14	-8.990754e-06	
 3.684198e-07	-3.867562e-06	 1.988597e-07	 1.025395e-04	 1.141086e-05	 5.801359e-05	-2.370256e-03	-2.132990e-06	-4.391891e-03	 1.602067e-04	 3.519528e-04	-6.505986e-03	-3.552629e-03	 7.158625e-04	 2.528972e-03	-9.535530e-04	-6.154581e-04	-2.146158e-04	 9.055167e-04	 3.389578e-03	-9.638673e-06	-2.719422e-06	 2.600559e-05	-1.491326e-05	-5.807199e-08	 8.647686e-06	 6.765280e-08	 8.287308e-08	-2.119833e-06	 5.881298e-03	 2.424320e-05	 1.570854e-07	 1.755597e-03	 2.149656e-13	 3.098752e-05	
-1.411272e-05	 1.099932e-04	-1.610803e-05	-4.733783e-03	-4.264496e-04	-2.370256e-03	 1.238559e+00	 2.365470e-02	 1.093790e-01	-5.804765e-03	-7.366790e-02	 1.057862e+00	 1.222217e-01	-1.839996e-01	-2.042302e-01	 1.101661e-01	-1.401125e-02	 2.350409e-02	-5.618573e-02	-1.705401e-01	 9.763360e-04	 1.903159e-03	-2.109871e-03	 3.068823e-03	-4.552016e-04	-6.165238e-03	 1.174443e-05	-3.277663e-06	-1.009839e-04	-2.445486e-01	-7.610594e-04	-6.033064e-06	-5.609531e-02	-9.903123e-12	-1.657532e-03	
 1.008012e-07	 1.008744e-06	 2.704656e-06	 4.533025e-05	-1.878327e-05	-2.132990e-06	 2.365470e-02	 6.740074e-03	 7.058684e-03	-9.020248e-04	-5.395899e-03	 1.578157e-02	-2.531952e-02	-4.233366e-02	-1.979573e-02	 1.518993e-02	 4.548259e-04	-2.554862e-03	-7.608619e-03	-8.893552e-03	-1.799227e-05	 1.107769e-05	-9.150701e-05	 7.296053e-05	-5.664477e-05	-9.130751e-04	 5.540096e-07	 1.710632e-06	 2.000517e-05	-5.553011e-04	 1.704300e-06	 4.043484e-08	 7.033908e-04	 9.792943e-14	 1.675661e-05	
-1.082581e-04	 3.960264e-04	 9.242208e-05	-7.450814e-03	-5.133768e-03	-4.391891e-03	 1.093790e-01	 7.058684e-03	 4.591132e+01	-3.802826e-01	-1.165701e+00	 3.969549e+01	 1.943674e+00	-1.439364e+01	-5.714692e+01	 3.722687e-01	 6.296753e-01	 5.388976e-01	-5.914750e+00	-3.390877e+01	 4.674809e-04	-2.285842e-04	 4.080819e-03	-7.669336e-03	-1.590864e-02	-2.266402e-02	-2.120816e-04	 8.327034e-04	 1.065051e-03	-4.285300e-01	-2.584010e-03	-4.621025e-05	-2.046065e-01	-1.560081e-11	-2.767260e-03	
 3.108735e-06	-6.435126e-06	-2.936719e-06	 3.052419e-04	 8.447691e-05	 1.602067e-04	-5.804765e-03	-9.020248e-04	-3.802826e-01	 8.306564e-02	-6.475470e-02	-2.428060e-01	 9.524381e-01	 1.691365e+00	 5.857484e-01	 6.143294e-02	-2.757754e-02	-2.664919e-03	 8.640456e-02	 1.030037e-01	 1.999927e-04	-4.513801e-05	 8.339556e-04	-6.646045e-05	 3.157469e-04	 3.545519e-04	 6.246326e-06	-4.002146e-06	-2.625497e-05	 1.616332e-02	 4.479741e-05	 1.326297e-06	 4.079402e-03	 6.374892e-13	 1.124808e-04	
 2.793013e-05	-1.209125e-04	 1.771879e-05	 6.381949e-04	 9.911594e-04	 3.519528e-04	-7.366790e-02	-5.395899e-03	-1.165701e+00	-6.475470e-02	 3.870355e+00	-3.060912e+01	-3.506969e+00	 7.136526e+00	 5.544441e+00	-2.714616e+00	-2.002374e-01	 2.555939e-01	 2.856225e+00	 3.825916e+00	-7.575927e-04	-2.818299e-04	 5.361387e-03	-2.534528e-03	-8.497805e-04	 2.630229e-03	 9.800615e-05	-3.206554e-05	 6.221713e-05	 2.657597e-02	 8.872594e-04	 1.190316e-05	 7.373207e-02	 1.357534e-12	 6.053106e-05	
-4.430080e-04	 2.256194e-03	-2.334779e-05	-4.298063e-03	-2.579557e-02	-6.505986e-03	 1.057862e+00	 1.578157e-02	 3.969549e+01	-2.428060e-01	-3.060912e+01	 7.866532e+02	 7.506881e+01	-4.392301e+01	-6.093862e+01	 1.392919e+01	-6.703096e+00	 5.063270e+00	-1.476884e+01	-3.081479e+01	 5.105649e-03	-1.098822e-02	-7.586189e-02	 1.156318e-02	-1.409557e-03	 6.830741e-02	 3.821627e-03	 3.482009e-04	 3.976972e-03	-5.339893e-01	-1.539090e-02	-1.891167e-04	-1.191830e+00	-9.186033e-12	-5.273565e-04	
-2.530850e-04	 1.882734e-03	-8.743547e-05	-2.128466e-03	-1.022146e-02	-3.552629e-03	 1.222217e-01	-2.531952e-02	 1.943674e+00	 9.524381e-01	-3.506969e+00	 7.506881e+01	 6.353943e+01	 4.150895e+01	 1.556692e+01	-4.629453e+00	-8.490565e-01	-1.746736e+00	 2.852059e+00	 2.915782e+00	-3.221511e-03	 3.222419e-03	-1.107838e-02	 1.385523e-02	 1.305971e-02	 1.775564e-02	 2.014477e-04	 5.556877e-05	 1.119008e-04	-2.847318e-01	-1.220202e-02	-1.079271e-04	-9.185534e-01	-4.477340e-12	 3.181478e-03	
-3.888282e-05	 1.008995e-03	-9.335194e-05	 5.216657e-03	-1.221444e-03	 7.158625e-04	-1.839996e-01	-4.233366e-02	-1.439364e+01	 1.691365e+00	 7.136526e+00	-4.392301e+01	 4.150895e+01	 8.481551e+01	 5.339239e+01	-1.127093e+01	-1.542145e+00	-6.753213e-01	 5.065489e+00	 9.017091e+00	-2.977309e-03	 2.510041e-04	 1.634525e-02	 8.941286e-03	 2.469617e-03	 7.834914e-03	 5.926638e-04	-4.817251e-04	-3.829932e-04	 9.330527e-02	-6.125799e-03	-1.661355e-05	-4.199804e-01	 1.097979e-11	 5.123124e-03	
 1.707533e-05	 6.604666e-04	-1.862288e-04	 9.824107e-03	 2.971182e-03	 2.528972e-03	-2.042302e-01	-1.979573e-02	-5.714692e+01	 5.857484e-01	 5.544441e+00	-6.093862e+01	 1.556692e+01	 5.339239e+01	 1.055454e+02	-9.433562e+00	-1.379221e+00	-1.103460e+00	 6.089324e+00	 3.530011e+01	-3.534510e-03	 1.608277e-03	-7.600734e-03	 2.172934e-02	 1.492948e-02	 2.323729e-02	 5.306807e-04	-1.481884e-03	 5.222314e-06	 2.663002e-01	-4.106586e-03	 7.289085e-06	-2.796799e-01	 2.061972e-11	 6.833305e-03	
-4.472893e-05	 7.214840e-05	-8.938952e-07	-2.423832e-03	-1.996935e-03	-9.535530e-04	 1.101661e-01	 1.518993e-02	 3.722687e-01	 6.143294e-02	-2.714616e+00	 1.392919e+01	-4.629453e+00	-1.127093e+01	-9.433562e+00	 5.688546e+00	 2.144697e-01	-1.102271e-01	-2.162429e+00	-2.768117e+00	 1.256813e-03	-8.323534e-04	-1.767317e-03	 6.791161e-05	 3.267577e-04	 2.258241e-03	-9.154391e-05	 1.761816e-05	 1.037778e-04	-8.515876e-02	-6.715923e-04	-1.906021e-05	-6.587607e-02	-5.108734e-12	-1.171101e-03	
-1.106012e-05	 5.335263e-05	-1.661172e-05	-1.513223e-03	-4.357059e-05	-6.154581e-04	-1.401125e-02	 4.548259e-04	 6.296753e-01	-2.757754e-02	-2.002374e-01	-6.703096e+00	-8.490565e-01	-1.542145e+00	-1.379221e+00	 2.144697e-01	 3.239891e+00	 4.605284e-01	 7.979060e-02	-2.335845e-01	 8.393775e-05	 1.254183e-04	-2.903710e-03	-3.124027e-04	-8.957220e-04	-1.147685e-02	 1.603242e-04	 8.891528e-06	-3.716967e-05	-6.088990e-02	-4.051443e-04	-4.711565e-06	-3.462652e-02	-3.160317e-12	-4.120418e-04	
-8.858571e-06	-3.818670e-05	-1.039102e-05	-6.700777e-04	-4.465479e-04	-2.146158e-04	 2.350409e-02	-2.554862e-03	 5.388976e-01	-2.664919e-03	 2.555939e-01	 5.063270e+00	-1.746736e+00	-6.753213e-01	-1.103460e+00	-1.102271e-01	 4.605284e-01	 3.035535e+00	 2.539021e+00	 2.486901e+00	-2.595560e-04	-2.431461e-04	 1.608386e-03	-1.372367e-03	 1.360043e-03	-3.413595e-03	-1.590590e-04	-5.011754e-05	 1.879936e-04	-2.128969e-02	 1.290497e-04	-3.771129e-06	 1.793905e-03	-1.402543e-12	-5.039002e-04	
 9.190674e-06	-2.047552e-04	 2.607970e-05	 1.525037e-03	-3.227594e-05	 9.055167e-04	-5.618573e-02	-7.608619e-03	-5.914750e+00	 8.640456e-02	 2.856225e+00	-1.476884e+01	 2.852059e+00	 5.065489e+00	 6.089324e+00	-2.162429e+00	 7.979060e-02	 2.539021e+00	 1.052615e+01	 1.877826e+01	-1.431110e-03	-8.372797e-04	 4.284041e-03	-7.358859e-03	 9.827553e-03	 2.355143e-02	-1.297444e-05	 3.787025e-04	 2.391734e-04	 8.886153e-02	 1.269854e-03	 3.933766e-06	 8.888909e-02	 3.189377e-12	-8.270952e-05	
 6.111237e-05	-4.764455e-04	 9.071482e-06	 7.496012e-03	 2.153338e-03	 3.389578e-03	-1.705401e-01	-8.893552e-03	-3.390877e+01	 1.030037e-01	 3.825916e+00	-3.081479e+01	 2.915782e+00	 9.017091e+00	 3.530011e+01	-2.768117e+00	-2.335845e-01	 2.486901e+00	 1.877826e+01	 5.266454e+01	-4.338126e-03	-1.392947e-03	-1.786796e-03	-8.126039e-03	 2.468297e-02	 5.323017e-02	 8.014075e-05	 8.181412e-04	 7.594131e-04	 3.327586e-01	 3.049948e-03	 2.610433e-05	 2.247478e-01	 1.569622e-11	 1.887700e-03	
-4.648326e-08	 1.511329e-06	-7.162233e-07	-1.945443e-05	-4.890386e-06	-9.638673e-06	 9.763360e-04	-1.799227e-05	 4.674809e-04	 1.999927e-04	-7.575927e-04	 5.105649e-03	-3.221511e-03	-2.977309e-03	-3.534510e-03	 1.256813e-03	 8.393775e-05	-2.595560e-04	-1.431110e-03	-4.338126e-03	 1.446640e-03	 2.669113e-04	 5.065815e-05	-3.893641e-04	-1.559357e-04	-4.162075e-04	 8.595748e-08	-6.942640e-08	-1.750164e-06	-9.670021e-04	-1.101200e-05	-1.996319e-08	-8.063575e-04	-4.104421e-14	-4.990936e-06	
-1.515539e-07	 7.971271e-07	 8.368779e-08	-7.945011e-06	 6.776031e-07	-2.719422e-06	 1.903159e-03	 1.107769e-05	-2.285842e-04	-4.513801e-05	-2.818299e-04	-1.098822e-02	 3.222419e-03	 2.510041e-04	 1.608277e-03	-8.323534e-04	 1.254183e-04	-2.431461e-04	-8.372797e-04	-1.392947e-03	 2.669113e-04	 9.157038e-04	 1.599664e-05	 8.207525e-04	 4.274320e-05	-8.615867e-04	-3.797990e-07	-9.113748e-08	-1.704870e-06	-2.064604e-04	-5.047050e-06	-6.472974e-08	-3.897192e-04	-1.691078e-14	 3.110018e-07	
 4.562930e-07	-4.224272e-06	 1.080057e-06	 3.667341e-05	 1.762613e-05	 2.600559e-05	-2.109871e-03	-9.150701e-05	 4.080819e-03	 8.339556e-04	 5.361387e-03	-7.586189e-02	-1.107838e-02	 1.634525e-02	-7.600734e-03	-1.767317e-03	-2.903710e-03	 1.608386e-03	 4.284041e-03	-1.786796e-03	 5.065815e-05	 1.599664e-05	 7.492080e-03	-3.006413e-04	 7.689621e-04	 4.939450e-03	-1.401878e-06	-2.438333e-07	-2.872613e-06	 2.606829e-03	 2.978671e-05	 1.948146e-07	 2.242321e-03	 7.602952e-14	 5.698478e-06	
-6.342426e-07	 3.570961e-06	 4.345105e-08	-2.459212e-05	-6.633492e-06	-1.491326e-05	 3.068823e-03	 7.296053e-05	-7.669336e-03	-6.646045e-05	-2.534528e-03	 1.156318e-02	 1.385523e-02	 8.941286e-03	 2.172934e-02	 6.791161e-05	-3.124027e-04	-1.372367e-03	-7.358859e-03	-8.126039e-03	-3.893641e-04	 8.207525e-04	-3.006413e-04	 3.036771e-03	 5.059928e-04	-1.053779e-03	-9.260159e-08	-8.469725e-07	-7.263765e-07	-1.295998e-03	-2.348429e-05	-2.708711e-07	-1.811662e-03	-5.182833e-14	 2.387300e-06	
-5.019178e-07	 1.682150e-06	-3.571775e-07	 1.696567e-06	-7.068168e-06	-5.807199e-08	-4.552016e-04	-5.664477e-05	-1.590864e-02	 3.157469e-04	-8.497805e-04	-1.409557e-03	 1.305971e-02	 2.469617e-03	 1.492948e-02	 3.267577e-04	-8.957220e-04	 1.360043e-03	 9.827553e-03	 2.468297e-02	-1.559357e-04	 4.274320e-05	 7.689621e-04	 5.059928e-04	 6.343365e-03	 7.888744e-03	-1.336088e-06	 6.064589e-07	-3.456116e-07	 1.198581e-04	-1.327814e-05	-2.134025e-07	-1.168442e-03	 3.628244e-15	 5.975373e-06	
-1.279251e-06	 7.620379e-07	-1.732358e-06	 3.484665e-05	-1.744234e-05	 8.647686e-06	-6.165238e-03	-9.130751e-04	-2.266402e-02	 3.545519e-04	 2.630229e-03	 6.830741e-02	 1.775564e-02	 7.834914e-03	 2.323729e-02	 2.258241e-03	-1.147685e-02	-3.413595e-03	 2.355143e-02	 5.323017e-02	-4.162075e-04	-8.615867e-04	 4.939450e-03	-1.053779e-03	 7.888744e-03	 7.231861e-02	-9.049841e-07	-1.264089e-06	 7.559750e-06	 1.307194e-03	-1.556925e-05	-5.417554e-07	-2.070649e-03	 7.169238e-14	 1.624990e-05	
 3.115201e-09	-1.259174e-08	 2.475845e-09	 1.591921e-07	-6.585899e-08	 6.765280e-08	 1.174443e-05	 5.540096e-07	-2.120816e-04	 6.246326e-06	 9.800615e-05	 3.821627e-03	 2.014477e-04	 5.926638e-04	 5.306807e-04	-9.154391e-05	 1.603242e-04	-1.590590e-04	-1.297444e-05	 8.014075e-05	 8.595748e-08	-3.797990e-07	-1.401878e-06	-9.260159e-08	-1.336088e-06	-9.049841e-07	 3.717551e-07	-1.204155e-09	-5.101314e-08	 6.222410e-06	 9.424878e-08	 1.325847e-09	 8.149353e-06	 3.335595e-16	-9.539542e-09	
-1.469202e-09	-3.153322e-09	 5.398529e-09	 2.312107e-07	-5.076716e-08	 8.287308e-08	-3.277663e-06	 1.710632e-06	 8.327034e-04	-4.002146e-06	-3.206554e-05	 3.482009e-04	 5.556877e-05	-4.817251e-04	-1.481884e-03	 1.761816e-05	 8.891528e-06	-5.011754e-05	 3.787025e-04	 8.181412e-04	-6.942640e-08	-9.113748e-08	-2.438333e-07	-8.469725e-07	 6.064589e-07	-1.264089e-06	-1.204155e-09	 3.932359e-07	 4.161413e-08	 8.884681e-06	 2.111820e-08	-6.277554e-10	 1.743708e-06	 4.849740e-16	 7.578971e-08	
 3.398216e-08	-7.666271e-08	 1.875540e-08	 4.709995e-06	-3.362615e-07	-2.119833e-06	-1.009839e-04	 2.000517e-05	 1.065051e-03	-2.625497e-05	 6.221713e-05	 3.976972e-03	 1.119008e-04	-3.829932e-04	 5.222314e-06	 1.037778e-04	-3.716967e-05	 1.879936e-04	 2.391734e-04	 7.594131e-04	-1.750164e-06	-1.704870e-06	-2.872613e-06	-7.263765e-07	-3.456116e-07	 7.559750e-06	-5.101314e-08	 4.161413e-08	 4.586860e-06	-2.243582e-04	 6.728062e-07	 1.445390e-08	 6.412667e-05	 9.848775e-15	 1.419324e-06	
 3.089518e-05	-3.408840e-04	 1.554038e-05	 1.048072e-02	 1.018635e-03	 5.881298e-03	-2.445486e-01	-5.553011e-04	-4.285300e-01	 1.616332e-02	 2.657597e-02	-5.339893e-01	-2.847318e-01	 9.330527e-02	 2.663002e-01	-8.515876e-02	-6.088990e-02	-2.128969e-02	 8.886153e-02	 3.327586e-01	-9.670021e-04	-2.064604e-04	 2.606829e-03	-1.295998e-03	 1.198581e-04	 1.307194e-03	 6.222410e-06	 8.884681e-06	-2.243582e-04	 5.994817e-01	 2.123816e-03	 1.317496e-05	 1.525471e-01	 2.196361e-11	 3.326648e-03	
 1.031415e-06	-1.333513e-05	 1.196004e-06	 1.924929e-05	 3.377110e-05	 2.424320e-05	-7.610594e-04	 1.704300e-06	-2.584010e-03	 4.479741e-05	 8.872594e-04	-1.539090e-02	-1.220202e-02	-6.125799e-03	-4.106586e-03	-6.715923e-04	-4.051443e-04	 1.290497e-04	 1.269854e-03	 3.049948e-03	-1.101200e-05	-5.047050e-06	 2.978671e-05	-2.348429e-05	-1.327814e-05	-1.556925e-05	 9.424878e-08	 2.111820e-08	 6.728062e-07	 2.123816e-03	 8.341888e-05	 4.397140e-07	 6.020439e-03	 3.994873e-14	-2.917277e-05	
 1.034539e-08	-6.519702e-08	 5.662997e-09	 2.210657e-07	 1.858491e-07	 1.570854e-07	-6.033064e-06	 4.043484e-08	-4.621025e-05	 1.326297e-06	 1.190316e-05	-1.891167e-04	-1.079271e-04	-1.661355e-05	 7.289085e-06	-1.906021e-05	-4.711565e-06	-3.771129e-06	 3.933766e-06	 2.610433e-05	-1.996319e-08	-6.472974e-08	 1.948146e-07	-2.708711e-07	-2.134025e-07	-5.417554e-07	 1.325847e-09	-6.277554e-10	 1.445390e-08	 1.317496e-05	 4.397140e-07	 4.410448e-09	 3.413155e-05	 4.625629e-16	-1.064756e-07	
 8.006679e-05	-9.521489e-04	 9.434587e-05	 1.494439e-03	 2.445983e-03	 1.755597e-03	-5.609531e-02	 7.033908e-04	-2.046065e-01	 4.079402e-03	 7.373207e-02	-1.191830e+00	-9.185534e-01	-4.199804e-01	-2.796799e-01	-6.587607e-02	-3.462652e-02	 1.793905e-03	 8.888909e-02	 2.247478e-01	-8.063575e-04	-3.897192e-04	 2.242321e-03	-1.811662e-03	-1.168442e-03	-2.070649e-03	 8.149353e-06	 1.743708e-06	 6.412667e-05	 1.525471e-01	 6.020439e-03	 3.413155e-05	 4.387417e-01	 3.106128e-12	-2.043678e-03	
 1.085105e-15	-5.861542e-15	 2.405437e-16	 4.414738e-13	 1.702317e-14	 2.149656e-13	-9.903123e-12	 9.792943e-14	-1.560081e-11	 6.374892e-13	 1.357534e-12	-9.186033e-12	-4.477340e-12	 1.097979e-11	 2.061972e-11	-5.108734e-12	-3.160317e-12	-1.402543e-12	 3.189377e-12	 1.569622e-11	-4.104421e-14	-1.691078e-14	 7.602952e-14	-5.182833e-14	 3.628244e-15	 7.169238e-14	 3.335595e-16	 4.849740e-16	 9.848775e-15	 2.196361e-11	 3.994873e-14	 4.625629e-16	 3.106128e-12	 9.258643e-22	 1.607887e-13	
-2.498166e-07	 4.863692e-06	-3.105382e-07	 7.658299e-05	-8.990754e-06	 3.098752e-05	-1.657532e-03	 1.675661e-05	-2.767260e-03	 1.124808e-04	 6.053106e-05	-5.273565e-04	 3.181478e-03	 5.123124e-03	 6.833305e-03	-1.171101e-03	-4.120418e-04	-5.039002e-04	-8.270952e-05	 1.887700e-03	-4.990936e-06	 3.110018e-07	 5.698478e-06	 2.387300e-06	 5.975373e-06	 1.624990e-05	-9.539542e-09	 7.578971e-08	 1.419324e-06	 3.326648e-03	-2.917277e-05	-1.064756e-07	-2.043678e-03	 1.607887e-13	 4.521820e-05	
